~h "proto"
<BeginHMM>
<VecSize> 7 <USER>
<NumStates> 12
<State> 2
<Mean> 7
0.0 0.0 0.0 0.0 0.0 0.0 0.0
<Variance> 7
1.0 1.0 1.0 1.0 1.0 1.0 1.0
<State> 3
<Mean> 7
0.0 0.0 0.0 0.0 0.0 0.0 0.0
<Variance> 7
1.0 1.0 1.0 1.0 1.0 1.0 1.0
<State> 4
<Mean> 7
0.0 0.0 0.0 0.0 0.0 0.0 0.0
<Variance> 7
1.0 1.0 1.0 1.0 1.0 1.0 1.0
<State> 5
<Mean> 7
0.0 0.0 0.0 0.0 0.0 0.0 0.0
<Variance> 7
1.0 1.0 1.0 1.0 1.0 1.0 1.0
<State> 6
<Mean> 7
0.0 0.0 0.0 0.0 0.0 0.0 0.0
<Variance> 7
1.0 1.0 1.0 1.0 1.0 1.0 1.0
<State> 7
<Mean> 7
0.0 0.0 0.0 0.0 0.0 0.0 0.0
<Variance> 7
1.0 1.0 1.0 1.0 1.0 1.0 1.0
<State> 8
<Mean> 7
0.0 0.0 0.0 0.0 0.0 0.0 0.0
<Variance> 7
1.0 1.0 1.0 1.0 1.0 1.0 1.0
<State> 9
<Mean> 7
0.0 0.0 0.0 0.0 0.0 0.0 0.0
<Variance> 7
1.0 1.0 1.0 1.0 1.0 1.0 1.0
<State> 10
<Mean> 7
0.0 0.0 0.0 0.0 0.0 0.0 0.0
<Variance> 7
1.0 1.0 1.0 1.0 1.0 1.0 1.0
<State> 11
<Mean> 7
0.0 0.0 0.0 0.0 0.0 0.0 0.0
<Variance> 7
1.0 1.0 1.0 1.0 1.0 1.0 1.0
<TransP> 12
0.0 1.0 0.0 0.0 0.0 0.0 0.0 0.0 0.0 0.0 0.0 0.0 
0.0 0.5 0.5 0.0 0.0 0.0 0.0 0.0 0.0 0.0 0.0 0.0
0.0 0.0 0.5 0.5 0.0 0.0 0.0 0.0 0.0 0.0 0.0 0.0
0.0 0.0 0.0 0.5 0.5 0.0 0.0 0.0 0.0 0.0 0.0 0.0
0.0 0.0 0.0 0.0 0.5 0.5 0.0 0.0 0.0 0.0 0.0 0.0
0.0 0.0 0.0 0.0 0.0 0.5 0.5 0.0 0.0 0.0 0.0 0.0
0.0 0.0 0.0 0.0 0.0 0.0 0.5 0.5 0.0 0.0 0.0 0.0
0.0 0.0 0.0 0.0 0.0 0.0 0.0 0.5 0.5 0.0 0.0 0.0
0.0 0.0 0.0 0.0 0.0 0.0 0.0 0.0 0.5 0.5 0.0 0.0
0.0 0.0 0.0 0.0 0.0 0.0 0.0 0.0 0.0 0.5 0.5 0.0
0.0 0.0 0.0 0.0 0.0 0.0 0.0 0.0 0.0 0.0 0.5 0.5
0.0 0.0 0.0 0.0 0.0 0.0 0.0 0.0 0.0 0.0 0.0 0.0
<EndHMM>